sensor_kit_base_link:
  velodyne_top_base_link:
    x: 0.72
    y: -0.255
    z: 0.4785
    roll: 0.0
    pitch: 0.0
    yaw: 0.651398
  velodyne_rear_base_link:
    x: -0.14004940104906838
    y: -0.18298809976550123
    z: 0.4785
    yaw: -0.9524923633571231
    pitch: 0.003576648236547806
    roll: 0.0016378038700001624
  imu_link:
    x: 0.4
    y: 0.0
    z: 0.7
    roll: 3.141592
    pitch: 0.0
    yaw: 0.0
